16
18
20
22
24
60
62
64
66
68
70
71
72
74
78
80
82
84
86
88
90
93
96
97
98
99
100
101
103
104
105
106
107
108
109
110
111
112
113
114
115
116
117
118
119
120
121
122
123
124
125
126
127
128
129
130
131
132
136
137
138
139
140
141
142
143
144
145
146
147
148
149
150
151
152
153
154
155
156
157
158
159
160
161
162
163
164
165
166
167
168
169
170
171
172
174
176
178
180
182
184
186
188
190
192
194
195
196
197
198
199
200
201
202
203
204
205
206
207
208
209
210
211
212
213
214
215
216
218
219
220
221
222
223
224
225
226
227
228
229
230
231
232
233
234
235
236
237
238
239
240
241
242
243
244
245
246
247
248
250
251
252
253
254
256
257
258
259
260
261
262
264
265
266
267
268
269
270
271
272
273
274
275
276
277
278
279
280
281
282
283
284
286
287
288
293
296
297
298
299
300
301
302
303
304
305
306
307
308
309
310
311
322
323
324
325
328
329
330
331
333
334
335
336
337
338
340
342
344
346
347
348
349
351
368
369
370
371
372
373
376
378
380
382
384
386
388
390
392
393
394
395
396
397
398
399
400
401
402
403
404
405
406
407
408
409
410
411
412
413
414
415
416
417
418
419
420
421
422
423
424
425
426
427
428
429
430
431
432
433
436
437
438
439
440
441
442
444
445
446
447
453
454
455
456
457
458
459
460
465
466
472
473
474
475
476
477
478
479
480
481
482
483
484
485
486
487
488
489
490
491
492
493
494
495
496
497
498
499
535
536
537
538
539
540
541
542
543
544
545
546
547
548
549
550
551
552
553
554
555
556
557
558
559
560
561
562
563
564
565
566
567
568
569
570
571
572
573
574
575
576
577
578
579
580
581
582
583
584
585
586
587
588
589
591
593
595
597
599
604
605
606
607
608
609
610
611
612
613
614
618
628
629
630
631
632
633
634
635
636
637
638
648
649
651
680
682
684
685
698
699
700
701
702
704
705
706
707
708
709
715
716
717
718
719
720
721
722
723
724
725
726
727
728
729
730
731
732
733
734
745
749
766
767
768
769
770
771
772
773
774
775
787
789
795
796
797
798
799
800
802
805
807
808
809
812
814
815